2024-07-02 19:03:13.807979
cuda

max = 161.6669158935547
min = 29.231603622436523
mean = 90.95653533935547

max = 0.5550000071525574
min = 0.45500001311302185
mean = 0.5083923935890198

yrange = 42 to 79
xrange = 10 to 94

edge success

max = 0.5318921804428101
min = 0.4905183017253876
mean = 0.5210035443305969

min_calc_pos = (36, 0) 
max_calc_pos = (0, 15)

 0.5210035443305969
2024-07-02 19:03:24.427573
