2024-07-01 14:48:52.843777
cuda

max = 173.23329162597656
min = 17.968481063842773
mean = 101.875732421875

max = 0.5550000071525574
min = 0.45500001311302185
mean = 0.5009586215019226

yrange = 16 to 109
xrange = 10 to 94

edge success

max = 0.5362061262130737
min = 0.497873455286026
mean = 0.520320475101471

min_calc_pos = (92, 0) 
max_calc_pos = (12, 45)

 0.520320475101471
2024-07-01 14:49:03.853087
