2024-07-02 18:59:07.076050
cuda

max = 160.9380340576172
min = 16.48879051208496
mean = 89.96995544433594

max = 0.5550000071525574
min = 0.45500001311302185
mean = 0.5041300654411316

yrange = 29 to 109
xrange = 24 to 94

edge success

max = 0.5261400938034058
min = 0.4911690354347229
mean = 0.5148369073867798

min_calc_pos = (79, 0) 
max_calc_pos = (12, 42)

 0.5148369073867798
2024-07-02 18:59:17.652428
