2024-07-02 19:04:08.151843
cuda

max = 162.55218505859375
min = 27.383365631103516
mean = 105.14010620117188

max = 0.5550000071525574
min = 0.45500001311302185
mean = 0.4974743127822876

yrange = 38 to 129
xrange = 10 to 94

edge success

max = 0.5533232092857361
min = 0.4566802680492401
mean = 0.4968656301498413

min_calc_pos = (64, 61) 
max_calc_pos = (78, 0)

 0.4968656301498413
2024-07-02 19:04:19.051789
