2024-07-01 14:53:52.963987
cuda

max = 172.77391052246094
min = 16.791486740112305
mean = 97.57856750488281

max = 0.5550000071525574
min = 0.45500001311302185
mean = 0.5032075643539429

yrange = 16 to 109
xrange = 10 to 94

edge success

max = 0.5353703498840332
min = 0.49923214316368103
mean = 0.5200751423835754

min_calc_pos = (92, 0) 
max_calc_pos = (12, 45)

 0.5200751423835754
2024-07-01 14:54:03.456521
