2024-07-01 15:07:57.567314
cuda

max = 169.46795654296875
min = 16.074228286743164
mean = 99.3105239868164

max = 0.5550000071525574
min = 0.45500001311302185
mean = 0.5007368326187134

yrange = 16 to 109
xrange = 10 to 94

edge success

max = 0.534306526184082
min = 0.4945791959762573
mean = 0.5183048844337463

min_calc_pos = (92, 0) 
max_calc_pos = (12, 38)

 0.5183048844337463
2024-07-01 15:08:08.168370
