2024-07-02 19:05:39.251851
cuda

max = 162.0421142578125
min = 26.50816535949707
mean = 93.67918395996094

max = 0.5550000071525574
min = 0.45500001311302185
mean = 0.5054396390914917

yrange = 41 to 79
xrange = 14 to 94

edge success

max = 0.5283746719360352
min = 0.4940861463546753
mean = 0.5180671215057373

min_calc_pos = (37, 0) 
max_calc_pos = (0, 11)

 0.5180671215057373
2024-07-02 19:05:49.548451
