2024-07-01 15:08:54.792082
cuda

max = 170.4417266845703
min = 18.380002975463867
mean = 97.49437713623047

max = 0.5550000071525574
min = 0.45500001311302185
mean = 0.5029721856117249

yrange = 15 to 109
xrange = 10 to 94

edge success

max = 0.53846275806427
min = 0.5009636282920837
mean = 0.5236773490905762

min_calc_pos = (93, 0) 
max_calc_pos = (13, 46)

 0.5236773490905762
2024-07-01 15:09:05.047866
