2024-07-02 19:01:00.759906
cuda

max = 161.02574157714844
min = 22.449480056762695
mean = 94.475341796875

max = 0.5550000071525574
min = 0.45500001311302185
mean = 0.5030243992805481

yrange = 10 to 109
xrange = 10 to 94

edge success

max = 0.5488908290863037
min = 0.48231109976768494
mean = 0.5194273591041565

min_calc_pos = (91, 0) 
max_calc_pos = (98, 0)

 0.5194273591041565
2024-07-02 19:01:12.120705
