2024-07-01 14:57:44.871771
cuda

max = 172.60736083984375
min = 15.179849624633789
mean = 100.61302947998047

max = 0.5550000071525574
min = 0.45500001311302185
mean = 0.5007317066192627

yrange = 16 to 109
xrange = 10 to 94

edge success

max = 0.5351628661155701
min = 0.49836277961730957
mean = 0.5194593071937561

min_calc_pos = (92, 0) 
max_calc_pos = (12, 38)

 0.5194593071937561
2024-07-01 14:57:56.869082
