2024-07-02 19:08:35.279925
cuda

max = 177.32814025878906
min = 20.814937591552734
mean = 93.85551452636719

max = 0.5550000071525574
min = 0.45500001311302185
mean = 0.5083326697349548

yrange = 25 to 109
xrange = 10 to 99

edge success

max = 0.5328236222267151
min = 0.49455782771110535
mean = 0.5193594694137573

min_calc_pos = (83, 0) 
max_calc_pos = (14, 20)

 0.5193594694137573
2024-07-02 19:08:46.111832
