2024-07-02 19:01:58.831847
cuda

max = 168.59458923339844
min = 16.873584747314453
mean = 100.92621612548828

max = 0.5550000071525574
min = 0.45500001311302185
mean = 0.49960047006607056

yrange = 42 to 109
xrange = 10 to 94

edge success

max = 0.5506835579872131
min = 0.45641160011291504
mean = 0.5005830526351929

min_calc_pos = (60, 60) 
max_calc_pos = (60, 0)

 0.5005830526351929
2024-07-02 19:02:09.992281
