2024-07-02 18:57:31.003968
cuda

max = 207.38421630859375
min = 20.83294105529785
mean = 104.09226989746094

max = 0.5550000071525574
min = 0.45500001311302185
mean = 0.5103691220283508

yrange = 10 to 109
xrange = 49 to 58

edge success

max = 0.5518564581871033
min = 0.4681694209575653
mean = 0.5097152590751648

min_calc_pos = (56, 8) 
max_calc_pos = (88, 0)

 0.5097152590751648
2024-07-02 18:57:42.473764
